# ARM
# KEYDOWN C4 ok=true
22.307747 0040 7007
22.307762 0180 0000
22.307783 0000 8100
22.308213 0041 7017
22.308229 0181 007F
22.308249 0001 8100
22.308297 0000 F0FF
22.308309 0001 F0FF
### DUMP HELD t=22.6038
VOICE 0 desc=04308E : 00 04 40 00 00 BC 80 3C 80 3C C1 34 64 F4 00 7F DD 07 00 D4 24 05 00 3A 25 05 00 BA 6A 07 00 23 79 07 00 68 13 04 00 D6 13 04 00 00 00 FF F0 00 00 FF 00 00 00 1B F6 FF C2 FF B0 FF 7F E5 4C 48 00 40 66 24 DA 6F 00
  ch=00  +17=05253A (*=00, [-1]=00, [+1]=00)  +23=041368  +27=0413D6  +2b=0000
  chan_base=041368  panCC[+0E]=40  mode[+26]=00
   slot0 sr=0413D6 ptr=05253A ptr[+0]=00 ptr[+1]=00  [+23]=00 [+24]=00 | 3A 25 05 00 BA 6A 07 00 23 79 07 00 23 79 07 00 23 79 07 00 23 79 07 00 00 00 00 00 00 00 00 00 00 00 00 00 00
   slot1 sr=0413FB ptr=05258B ptr[+0]=00 ptr[+1]=7F  [+23]=7F [+24]=7F | 8B 25 05 00 C5 6A 07 00 32 79 07 00 32 79 07 00 32 79 07 00 32 79 07 00 00 00 00 00 00 00 00 00 00 00 00 7F 7F
   slot2 sr=041420 ptr=075A48 ptr[+0]=00 ptr[+1]=40  [+23]=40 [+24]=40 | 48 5A 07 00 A4 6A 07 00 14 79 07 00 14 79 07 00 14 79 07 00 14 79 07 00 00 00 00 00 00 00 00 00 00 00 00 40 40
   slot3 sr=041445 ptr=075A48 ptr[+0]=00 ptr[+1]=40  [+23]=40 [+24]=40 | 48 5A 07 00 A4 6A 07 00 14 79 07 00 14 79 07 00 14 79 07 00 14 79 07 00 00 00 00 00 00 00 00 00 00 00 00 40 40
VOICE 1 desc=0430D5 : 01 04 40 01 00 BC 80 3C 80 3C C1 34 64 F5 00 54 12 08 00 D4 24 05 00 8B 25 05 00 C5 6A 07 00 32 79 07 00 68 13 04 00 FB 13 04 00 7F 00 FF F0 00 00 FF 00 00 00 1B F6 FF C2 FF B0 FF 7F E5 4C 48 00 40 66 24 DA 6F 00
  ch=00  +17=05258B (*=00, [-1]=89, [+1]=7F)  +23=041368  +27=0413FB  +2b=007F
  chan_base=041368  panCC[+0E]=40  mode[+26]=00
   slot0 sr=0413D6 ptr=05253A ptr[+0]=00 ptr[+1]=00  [+23]=00 [+24]=00 | 3A 25 05 00 BA 6A 07 00 23 79 07 00 23 79 07 00 23 79 07 00 23 79 07 00 00 00 00 00 00 00 00 00 00 00 00 00 00
   slot1 sr=0413FB ptr=05258B ptr[+0]=00 ptr[+1]=7F  [+23]=7F [+24]=7F | 8B 25 05 00 C5 6A 07 00 32 79 07 00 32 79 07 00 32 79 07 00 32 79 07 00 00 00 00 00 00 00 00 00 00 00 00 7F 7F
   slot2 sr=041420 ptr=075A48 ptr[+0]=00 ptr[+1]=40  [+23]=40 [+24]=40 | 48 5A 07 00 A4 6A 07 00 14 79 07 00 14 79 07 00 14 79 07 00 14 79 07 00 00 00 00 00 00 00 00 00 00 00 00 40 40
   slot3 sr=041445 ptr=075A48 ptr[+0]=00 ptr[+1]=40  [+23]=40 [+24]=40 | 48 5A 07 00 A4 6A 07 00 14 79 07 00 14 79 07 00 14 79 07 00 14 79 07 00 00 00 00 00 00 00 00 00 00 00 00 40 40
VOICE 2 desc=04311C : 00 00 00 00 00 00 00 00 00 00 00 00 00 00 00 00 00 00 00 00 00 00 00 00 00 00 00 00 00 00 00 00 00 00 00 00 00 00 00 00 00 00 00 00 00 00 00 00 00 00 00 00 00 00 00 00 00 00 00 00 00 00 00 00 00 00 00 00 00 00 00
  ch=00  +17=000000 (*=00, [-1]=1B, [+1]=00)  +23=000000  +27=000000  +2b=0000
  chan_base=041368  panCC[+0E]=40  mode[+26]=00
   slot0 sr=0413D6 ptr=05253A ptr[+0]=00 ptr[+1]=00  [+23]=00 [+24]=00 | 3A 25 05 00 BA 6A 07 00 23 79 07 00 23 79 07 00 23 79 07 00 23 79 07 00 00 00 00 00 00 00 00 00 00 00 00 00 00
   slot1 sr=0413FB ptr=05258B ptr[+0]=00 ptr[+1]=7F  [+23]=7F [+24]=7F | 8B 25 05 00 C5 6A 07 00 32 79 07 00 32 79 07 00 32 79 07 00 32 79 07 00 00 00 00 00 00 00 00 00 00 00 00 7F 7F
   slot2 sr=041420 ptr=075A48 ptr[+0]=00 ptr[+1]=40  [+23]=40 [+24]=40 | 48 5A 07 00 A4 6A 07 00 14 79 07 00 14 79 07 00 14 79 07 00 14 79 07 00 00 00 00 00 00 00 00 00 00 00 00 40 40
   slot3 sr=041445 ptr=075A48 ptr[+0]=00 ptr[+1]=40  [+23]=40 [+24]=40 | 48 5A 07 00 A4 6A 07 00 14 79 07 00 14 79 07 00 14 79 07 00 14 79 07 00 00 00 00 00 00 00 00 00 00 00 00 40 40
VOICE 3 desc=043163 : 00 00 00 00 00 00 00 00 00 00 00 00 00 00 00 00 00 00 00 00 00 00 00 00 00 00 00 00 00 00 00 00 00 00 00 00 00 00 00 00 00 00 00 00 00 00 00 00 00 00 00 00 00 00 00 00 00 00 00 00 00 00 00 00 00 00 00 00 00 00 00
  ch=00  +17=000000 (*=00, [-1]=1B, [+1]=00)  +23=000000  +27=000000  +2b=0000
  chan_base=041368  panCC[+0E]=40  mode[+26]=00
   slot0 sr=0413D6 ptr=05253A ptr[+0]=00 ptr[+1]=00  [+23]=00 [+24]=00 | 3A 25 05 00 BA 6A 07 00 23 79 07 00 23 79 07 00 23 79 07 00 23 79 07 00 00 00 00 00 00 00 00 00 00 00 00 00 00
   slot1 sr=0413FB ptr=05258B ptr[+0]=00 ptr[+1]=7F  [+23]=7F [+24]=7F | 8B 25 05 00 C5 6A 07 00 32 79 07 00 32 79 07 00 32 79 07 00 32 79 07 00 00 00 00 00 00 00 00 00 00 00 00 7F 7F
   slot2 sr=041420 ptr=075A48 ptr[+0]=00 ptr[+1]=40  [+23]=40 [+24]=40 | 48 5A 07 00 A4 6A 07 00 14 79 07 00 14 79 07 00 14 79 07 00 14 79 07 00 00 00 00 00 00 00 00 00 00 00 00 40 40
   slot3 sr=041445 ptr=075A48 ptr[+0]=00 ptr[+1]=40  [+23]=40 [+24]=40 | 48 5A 07 00 A4 6A 07 00 14 79 07 00 14 79 07 00 14 79 07 00 14 79 07 00 00 00 00 00 00 00 00 00 00 00 00 40 40
# POKE voice 0 subrec 0413D6 [+23]/[+24] <- 2A
# POKE voice 1 subrec 0413FB [+23]/[+24] <- 55
### DUMP AFTER-POKE t=25.0060
VOICE 0 desc=04308E : 00 04 40 00 00 BC 80 3C 80 3C C1 34 64 F4 00 7F DD 07 00 D4 24 05 00 3A 25 05 00 BA 6A 07 00 23 79 07 00 68 13 04 00 D6 13 04 00 00 00 FF F0 00 00 FF 00 00 00 1B F6 FF C2 FF B0 FF 7F E5 4C 48 00 40 66 24 DA 6F 00
  ch=00  +17=05253A (*=00, [-1]=00, [+1]=00)  +23=041368  +27=0413D6  +2b=0000
  chan_base=041368  panCC[+0E]=40  mode[+26]=00
   slot0 sr=0413D6 ptr=05253A ptr[+0]=00 ptr[+1]=00  [+23]=2A [+24]=2A | 3A 25 05 00 BA 6A 07 00 23 79 07 00 23 79 07 00 23 79 07 00 23 79 07 00 00 00 00 00 00 00 00 00 00 00 00 2A 2A
   slot1 sr=0413FB ptr=05258B ptr[+0]=00 ptr[+1]=7F  [+23]=55 [+24]=55 | 8B 25 05 00 C5 6A 07 00 32 79 07 00 32 79 07 00 32 79 07 00 32 79 07 00 00 00 00 00 00 00 00 00 00 00 00 55 55
   slot2 sr=041420 ptr=075A48 ptr[+0]=00 ptr[+1]=40  [+23]=40 [+24]=40 | 48 5A 07 00 A4 6A 07 00 14 79 07 00 14 79 07 00 14 79 07 00 14 79 07 00 00 00 00 00 00 00 00 00 00 00 00 40 40
   slot3 sr=041445 ptr=075A48 ptr[+0]=00 ptr[+1]=40  [+23]=40 [+24]=40 | 48 5A 07 00 A4 6A 07 00 14 79 07 00 14 79 07 00 14 79 07 00 14 79 07 00 00 00 00 00 00 00 00 00 00 00 00 40 40
VOICE 1 desc=0430D5 : 01 04 40 01 00 BC 80 3C 80 3C C1 34 64 F5 00 54 12 08 00 D4 24 05 00 8B 25 05 00 C5 6A 07 00 32 79 07 00 68 13 04 00 FB 13 04 00 7F 00 FF F0 00 00 FF 00 00 00 1B F6 FF C2 FF B0 FF 7F E5 4C 48 00 40 66 24 DA 6F 00
  ch=00  +17=05258B (*=00, [-1]=89, [+1]=7F)  +23=041368  +27=0413FB  +2b=007F
  chan_base=041368  panCC[+0E]=40  mode[+26]=00
   slot0 sr=0413D6 ptr=05253A ptr[+0]=00 ptr[+1]=00  [+23]=2A [+24]=2A | 3A 25 05 00 BA 6A 07 00 23 79 07 00 23 79 07 00 23 79 07 00 23 79 07 00 00 00 00 00 00 00 00 00 00 00 00 2A 2A
   slot1 sr=0413FB ptr=05258B ptr[+0]=00 ptr[+1]=7F  [+23]=55 [+24]=55 | 8B 25 05 00 C5 6A 07 00 32 79 07 00 32 79 07 00 32 79 07 00 32 79 07 00 00 00 00 00 00 00 00 00 00 00 00 55 55
   slot2 sr=041420 ptr=075A48 ptr[+0]=00 ptr[+1]=40  [+23]=40 [+24]=40 | 48 5A 07 00 A4 6A 07 00 14 79 07 00 14 79 07 00 14 79 07 00 14 79 07 00 00 00 00 00 00 00 00 00 00 00 00 40 40
   slot3 sr=041445 ptr=075A48 ptr[+0]=00 ptr[+1]=40  [+23]=40 [+24]=40 | 48 5A 07 00 A4 6A 07 00 14 79 07 00 14 79 07 00 14 79 07 00 14 79 07 00 00 00 00 00 00 00 00 00 00 00 00 40 40
VOICE 2 desc=04311C : 00 00 00 00 00 00 00 00 00 00 00 00 00 00 00 00 00 00 00 00 00 00 00 00 00 00 00 00 00 00 00 00 00 00 00 00 00 00 00 00 00 00 00 00 00 00 00 00 00 00 00 00 00 00 00 00 00 00 00 00 00 00 00 00 00 00 00 00 00 00 00
  ch=00  +17=000000 (*=00, [-1]=1B, [+1]=00)  +23=000000  +27=000000  +2b=0000
  chan_base=041368  panCC[+0E]=40  mode[+26]=00
   slot0 sr=0413D6 ptr=05253A ptr[+0]=00 ptr[+1]=00  [+23]=2A [+24]=2A | 3A 25 05 00 BA 6A 07 00 23 79 07 00 23 79 07 00 23 79 07 00 23 79 07 00 00 00 00 00 00 00 00 00 00 00 00 2A 2A
   slot1 sr=0413FB ptr=05258B ptr[+0]=00 ptr[+1]=7F  [+23]=55 [+24]=55 | 8B 25 05 00 C5 6A 07 00 32 79 07 00 32 79 07 00 32 79 07 00 32 79 07 00 00 00 00 00 00 00 00 00 00 00 00 55 55
   slot2 sr=041420 ptr=075A48 ptr[+0]=00 ptr[+1]=40  [+23]=40 [+24]=40 | 48 5A 07 00 A4 6A 07 00 14 79 07 00 14 79 07 00 14 79 07 00 14 79 07 00 00 00 00 00 00 00 00 00 00 00 00 40 40
   slot3 sr=041445 ptr=075A48 ptr[+0]=00 ptr[+1]=40  [+23]=40 [+24]=40 | 48 5A 07 00 A4 6A 07 00 14 79 07 00 14 79 07 00 14 79 07 00 14 79 07 00 00 00 00 00 00 00 00 00 00 00 00 40 40
VOICE 3 desc=043163 : 00 00 00 00 00 00 00 00 00 00 00 00 00 00 00 00 00 00 00 00 00 00 00 00 00 00 00 00 00 00 00 00 00 00 00 00 00 00 00 00 00 00 00 00 00 00 00 00 00 00 00 00 00 00 00 00 00 00 00 00 00 00 00 00 00 00 00 00 00 00 00
  ch=00  +17=000000 (*=00, [-1]=1B, [+1]=00)  +23=000000  +27=000000  +2b=0000
  chan_base=041368  panCC[+0E]=40  mode[+26]=00
   slot0 sr=0413D6 ptr=05253A ptr[+0]=00 ptr[+1]=00  [+23]=2A [+24]=2A | 3A 25 05 00 BA 6A 07 00 23 79 07 00 23 79 07 00 23 79 07 00 23 79 07 00 00 00 00 00 00 00 00 00 00 00 00 2A 2A
   slot1 sr=0413FB ptr=05258B ptr[+0]=00 ptr[+1]=7F  [+23]=55 [+24]=55 | 8B 25 05 00 C5 6A 07 00 32 79 07 00 32 79 07 00 32 79 07 00 32 79 07 00 00 00 00 00 00 00 00 00 00 00 00 55 55
   slot2 sr=041420 ptr=075A48 ptr[+0]=00 ptr[+1]=40  [+23]=40 [+24]=40 | 48 5A 07 00 A4 6A 07 00 14 79 07 00 14 79 07 00 14 79 07 00 14 79 07 00 00 00 00 00 00 00 00 00 00 00 00 40 40
   slot3 sr=041445 ptr=075A48 ptr[+0]=00 ptr[+1]=40  [+23]=40 [+24]=40 | 48 5A 07 00 A4 6A 07 00 14 79 07 00 14 79 07 00 14 79 07 00 14 79 07 00 00 00 00 00 00 00 00 00 00 00 00 40 40
# KEYUP
25.064535 0000 7E00
25.064597 0001 7E00
# DONE
